1   0   2   1
2   2   4   2
3   4   6   3
4   6   8   4
5   8   10  5
6   10  2   1
7   12  4   2
8   14  6   3
9   16  8   4
10  18  10  5
11  20  2   1
12  22  4   2
13  24  6   3
14  26  8   4
15  28  10  5
16  30  2   1
17  32  4   2
18  34  6   3
19  36  8   4
20  38  10  5
21  40  2   1
22  42  4   2
23  44  6   3
24  46  8   4
25  48  10  5
26  50  2   1
27  52  4   2
28  54  6   3
29  56  8   4
30  58  10  5
31  60  2   1
32  62  4   2
33  64  6   3
34  66  8   4
35  68  10  5
36  70  2   1
37  72  4   2
38  74  6   3
39  76  8   4
40  78  10  5
41  80  2   1
42  82  4   2
43  84  6   3
44  86  8   4
45  88  10  5
46  90  2   1
47  92  4   2
48  94  6   3
49  96  8   4
50  98  10  5
51  100 2   1
52  102 4   2
53  104 6   3
54  106 8   4
55  108 10  5
56  110 2   1
57  112 4   2
58  114 6   3
59  116 8   4
60  118 10  5
61  120 2   1
62  122 4   2
63  124 6   3
64  126 8   4
65  128 10  5
66  130 2   1
67  132 4   2
68  134 6   3
69  136 8   4
70  138 10  5
71  140 2   1
72  142 4   2
73  144 6   3
74  146 8   4
75  148 10  5
76  150 2   1
77  152 4   2
78  154 6   3
79  156 8   4
80  158 10  5
81  160 2   1
82  162 4   2
83  164 6   3
84  166 8   4
85  168 10  5
86  170 2   1
87  172 4   2
88  174 6   3
89  176 8   4
90  178 10  5
91  180 2   1
92  182 4   2
93  184 6   3
94  186 8   4
95  188 10  5
96  190 2   1
97  192 4   2
98  194 6   3
99  196 8   4
100 198 10  5
